1438367979
1438382828
1438385655
1438386834
1438388205
1438388213
1438389346
1438389763
1438388947
1438389611
1438390184
1438391542
1438391821
1438392753
1438393503
1438397805
1438401175
1438403414
1438407831
1438408398
1438408407
1438410601
1438415025
1438415304
1438416455
1438417837
1438418588
1438418685
1438418985
1438419195
1438419251
1438419773
1438420394
1438420457
1438420556
1438421288
1438421401
1438421461
1438421559
1438421705
1438422116
1438423353
1438425230
1438426470
1438426636
1438428106
1438428389
1438429345
1438429384
1438429788
1438431503
1438418495
1438426692
1438430360
1438432892
1438434761
1438435356
1438436467
1438441001
1438442534
1438442692
1438442732
1438444339
1438444890
1438445556
1438446724
1438447321
1438447840
1438448490
1438449199
1438449408
1438450889
1438452482
1438452552
1438452636
1438453309
1438454207
1438456930
1438458039
1438459500
1438461372
1438462478
1438463014
1438464602
1438468230
1438468875
1438469552
1438470224
1438471873
1438474931
1438475251
1438476495
1438479157
1438480896
1438481360
1438482062
1438482198
1438482558
1438482737
1438484519
1438485586
1438486041
1438486270
1438486769
1438487321
1438489003
1438489036
1438489782
1438491662
1438491977
1438492276
1438492401
1438493622
1438493726
1438495513
1438495518
1438496433
1438496516
1438496911
1438496987
1438497856
1438498492
1438499359
1438500019
1438500027
1438500361
1438500661
1438501137
1438501404
1438501590
1438501948
1438502743
1438503148
1438503162
1438503291
1438503343
1438503350
1438503602
1438503623
1438503798
1438503917
1438504134
1438505232
1438505390
1438506222
1438506635
1438506994
1438507538
1438507569
1438507679
1438508777
1438509291
1438510106
1438511298
1438511366
1438511598
1438512369
1438512815
1438513509
1438514051
1438514094
1438515008
1438515492
1438515519
1438516402
1438516484
1438516494
1438516642
1438517175
1438517552
1438517679
1438517686
1438517884
1438518020
1438518239
1438518492
1438518510
1438518573
1438518974
1438518999
1438519071
1438519092
1438519241
1438519836
1438520028
1438520267
1438520419
1438520818
1438520948
1438521021
1438521116
1438521119
1438521798
1438523235
1438523501
1438523756
1438523883
1438524079
1438524420
1438524453
1438524649
1438524741
1438524811
1438524958
1438525463
1438525619
1438525713
1438525752
1438526062
1438526320
1438526685
1438526710
1438527103
1438528002
1438528019
1438528212
1438528254
1438528560
1438528791
1438529171
1438529286
1438529524
1438530098
1438530549
1438530670
1438530914
1438530952
1438531297
1438532046
1438532551
1438532778
1438533091
1438533652
1438533933
1438534402
1438534557
1438534691
1438535081
1438535130
1438535838
1438536004
1438536453
1438536466
1438536700
1438536748
1438537261
1438538018
1438538220
1438538378
1438539504
1438539607
1438539954
1438539967
1438541067
1438541598
1438543762
1438544081
1438548652
1438551928
1438552984
1438554468
1438554657
1438555656
1438556866
1438557341
1438558231
1438558292
1438558692
1438559578
1438560250
1438560740
1438560773
1438561383
1438561481
1438561648
1438561860
1438562290
1438564461
1438565356
1438566572
1438568226
1438568767
1438568958
1438569120
1438569294
1438569491
1438569567
1438569959
1438571898
1438572058
1438572069
1438572109
1438572380
1438574425
1438574564
1438575865
1438575934
1438576113
1438578018
1438578553
1438579276
1438580060
1438581519
1438584905
1438584916
1438585391
1438585466
1438585728
1438586305
1438586340
1438587244
1438587004
1438587616
1438589312
1438590700
1438591006
1438592556
1438592944
1438593515
1438593875
1438594310
1438595077
1438595420
1438595426
1438596104
1438596141
1438596920
1438597575
1438597847
1438598214
1438598479
1438599408
1438599563
1438600142
1438600238
1438603705
1438604373
1438604477
1438605068
1438605241
1438605680
1438605978
1438607740
1438607778
1438608199
1438609813
1438611351
1438611523
1438612568
1438612689
1438613099
1438613159
1438614544
1438615209
1438615337
1438615813
1438616935
1438617290
1438617794
1438618806
1438619063
1438619222
1438619497
1438620356
1438622230
1438622389
1438623191
1438624312
1438624510
1438627006
1438627389
1438627846
1438636649
1438640027
1438643032
1438644880
1438645723
1438646045
1438646233
1438647634
1438648415
1438649012
1438649522
1438650903
1438651281
1438651774
1438651938
1438652797
1438652911
1438653384
1438653599
1438653825
1438654304
1438654698
1438655047
1438655116
1438657125
1438657234
1438658284
1438659197
1438659334
1438659474
1438660018
1438660175
1438660493
1438660854
1438661103
1438661320
1438661582
1438661758
1438661860
1438662033
1438662046
1438662492
1438663036
1438663550
1438663661
1438664498
1438664989
1438665484
1438665512
1438665525
1438666481
1438666848
1438666962
1438666963
1438667447
1438668254
1438671457
1438673348
1438674293
1438675217
1438676302
1438676316
1438676752
1438677891
1438678491
1438679371
1438679461
1438679978
1438680098
1438680674
1438680722
1438680922
1438681002
1438682264
1438682557
1438684063
1438684212
1438687429
1438687702
1438689633
1438689637
1438690158
1438690273
1438691822
1438692390
1438692766
1438693256
1438693660
1438693936
1438694255
1438694442
1438694516
1438694661
1438695651
1438695882
1438696486
1438696542
1438696984
1438697119
1438697821
1438698220
1438698349
1438699064
1438699905
1438700644
1438702642
1438702746
1438702984
1438703089
1438704358
1438704460
1438706252
1438707068
1438708176
1438710841
1438711592
1438712669
1438713381
1438713966
1438716154
1438716171
1438718346
1438719884
1438721455
1438724944
1438728738
1438728871
1438731702
1438731746
1438733574
1438733939
1438734169
1438734260
1438737015
1438737491
1438738065
1438739123
1438740621
1438740723
1438741474
1438741994
1438742250
1438742488
1438744326
1438744515
1438745349
1438745808
1438746109
1438746896
1438747760
1438750363
1438750480
1438750956
1438753078
1438754459
1438755485
1438755946
1438756507
1438757364
1438757696
1438758305
1438758920
1438759512
1438759764
1438760608
1438761042
1438761237
1438762726
1438763216
1438763611
1438763852
1438763899
1438764111
1438764693
1438765170
1438765218
1438766292
1438766325
1438766383
1438767275
1438767481
1438768790
1438769335
1438770052
1438770509
1438770740
1438771832
1438772693
1438772771
1438773086
1438773433
1438773871
1438774748
1438774779
1438775262
1438775325
1438775554
1438775577
1438775888
1438778465
1438778922
1438779026
1438779539
1438781643
1438782048
1438783056
1438783838
1438784208
1438784220
1438784261
1438784605
1438785116
1438786787
1438787362
1438788021
1438788161
1438788588
1438788675
1438790334
1438791937
1438792668
1438792953
1438793095
1438793733
1438794738
1438796572
1438796969
1438797687
1438798678
1438798947
1438800074
1438800185
1438800401
1438801661
1438804285
1438804410
1438806877
1438808722
1438810752
1438810916
1438811011
1438811608
1438811989
1438816868
1438817388
1438817722
1438818755
1438824210
1438828119
1438828129
1438828145
1438828185
1438828226
1438828262
1438828323
1438828381
1438828434
1438828484
1438830562
1438831212
1438832721
1438832752
1438832755
1438833010
1438833017
1438833028
1438833379
1438833385
1438834416
1438835375
1438835470
1438836132
1438836659
1438836790
1438836855
1438837064
1438837276
1438837455
1438838666
1438839194
1438839506
1438839555
1438840037
1438840128
1438840266
1438841434
1438841505
1438841832
1438842547
1438843414
1438843970
1438844153
1438845002
1438845354
1438846191
1438846478
1438847103
1438847331
1438847890
1438848993
1438849540
1438850234
1438850322
1438850418
1438850985
1438851339
1438851628
1438852044
1438852166
1438852349
1438853384
1438853505
1438853577
1438853949
1438855516
1438855845
1438855925
1438856050
1438856180
1438856747
1438857538
1438857561
1438859400
1438859748
1438860622
1438860712
1438860755
1438860767
1438860875
1438861038
1438861355
1438861418
1438861497
1438861523
1438861814
1438862254
1438862715
1438862860
1438862955
1438862993
1438863253
1438863730
1438863933
1438864179
1438864446
1438864550
1438864884
1438865023
1438867221
1438870805
1438871780
1438874335
1438874888
1438875138
1438875139
1438875140
1438875141
1438875143
1438875144
1438875146
1438875147
1438875148
1438875158
1438876426
1438877223
1438878469
1438879748
1438882254
1438882996
1438883123
1438884160
1438884171
1438886097
1438886271
1438886819
1438886948
1438888020
1438888109
1438896705
1438898645
1438899323
1438899356
1438900862
1438902147
1438902188
1438902224
1438902282
1438902905
1438903155
1438907868
1438908483
1438910617
1438910728
1438911240
1438911246
1438911522
1438911579
1438912764
1438912956
1438913102
1438913396
1438913474
1438913569
1438913722
1438914306
1438914366
1438914472
1438914573
1438915615
1438915634
1438916445
1438916735
1438916835
1438917755
1438917780
1438917947
1438917990
1438918149
1438918852
1438918904
1438919323
1438919389
1438919625
1438919864
1438920095
1438920154
1438920436
1438920593
1438920618
1438920925
1438921070
1438921136
1438921203
1438922114
1438922207
1438922400
1438923278
1438924310
1438925936
1438925956
1438926286
1438927667
1438927706
1438927793
1438927941
1438928538
1438928676
1438928771
1438929028
1438930320
1438930951
1438932361
1438932454
1438932564
1438933575
1438933929
1438933986
1438934147
1438934328
1438934388
1438934443
1438934719
1438934733
1438934926
1438935135
1438935214
1438935530
1438935676
1438936172
1438936194
1438936274
1438936981
1438937214
1438937273
1438937318
1438938044
1438938092
1438938592
1438938662
1438939007
1438939112
1438939213
1438939460
1438939578
1438939717
1438939922
1438939948
1438939969
1438939999
1438940126
1438940162
1438940305
1438940851
1438940900
1438940948
1438941230
1438941619
1438941770
1438942986
1438942995
1438943073
1438943185
1438943406
1438943555
1438943618
1438943712
1438943988
1438944000
1438944625
1438944832
1438945330
1438945564
1438946660
1438946677
1438946838
1438947071
1438947563
1438948034
1438948793
1438949414
1438951138
1438952378
1438952419
1438952942
1438953269
1438953313
1438953478
1438954357
1438954514
1438955930
1438955959
1438956749
1438956788
1438957335
1438957563
1438958902
1438959034
1438959073
1438959452
1438959637
1438959827
1438962714
1438963128
1438963923
1438964086
1438964214
1438964365
1438964653
1438964868
1438965442
1438966744
1438967203
1438967625
1438968198
1438968609
1438970111
1438970833
1438971949
1438972117
1438975452
1438976202
1438977084
1438977182
1438982244
1438984233
1438986673
1438989210
1438990831
1438993883
1438993899
1438995992
1438996326
1438996966
1438997536
1438997626
1438998959
1438999698
1439000163
1439000555
1439001487
1439001848
1439002303
1439003058
1439003114
1439003283
1439003575
1439003603
1439003977
1439004307
1439004583
1439005056
1439005679
1439007340
1439007476
1439008793
1439008938
1439009119
1439009139
1439009203
1439010173
1439012597
1439012617
1439014553
1439014830
1439015992
1439016810
1439017831
1439018093
1439018573
1439018944
1439018960
1439019964
1439020796
1439021005
1439021022
1439021127
1439021555
1439021696
1439021936
1439022447
1439023030
1439023362
1439024296
1439024305
1439025496
1439025558
1439028247
1439029117
1439029382
1439030177
1439031592
1439033138
1439034976
1439035237
1439036508
1439036643
1439036710
1439038674
1439038803
1439039090
1439039205
1439039302
1439043707
1439044800
1439045510
1439045614
1439046039
1439046302
1439046957
1439047197
1439048429
1439051532
1439051576
1439052100
1439053651
1439053926
1439057912
1439060470
1439061654
1439062694
1439062780
1439069480
1439080482
1439080660
1439081105
1439081316
1439081954
1439082500
1439085663
1439085995
1439087625
1439087723
1439087905
1439089574
1439090043
1439090258
1439091192
1439093495
1439093928
1439095393
1439095688
1439096462
1439097728
1439097982
1439098454
1439100717
1439100719
1439101383
1439102802
1439104229
1439104399
1439106943
1439107256
1439107657
1439107839
1439108307
1439108409
1439108494
1439110857
1439111530
1439111642
1439111959
1439112183
1439113352
1439113480
1439113908
1439114372
1439114384
1439114572
1439116062
1439116075
1439116604
1439118882
1439119446
1439119630
1439120957
1439122899
1439124046
1439126441
1439126673
1439128191
1439128485
1439129076
1439131043
1439131945
1439133097
1439134046
1439136124
1439137339
1439138094
1439138148
1439139726
1439140064
1439142561
1439142884
1439145658
1439150860
1439151302
1439151653
1439153816
1439157537
1439165384
1439165687
1439165702
1439165968
1439168951
1439169653
1439169959
1439170497
1439170622
1439170983
1439171161
1439171790
1439172839
1439172907
1439173262
1439173305
1439173885
1439174046
1439174333
1439175185
1439175545
1439175587
1439175590
1439176795
1439177150
1439177298
1439177773
1439178186
1439181340
1439181756
1439182039
1439182525
1439184180
1439186658
1439187156
1439188152
1439188279
1439188389
1439188419
1439188846
1439189968
1439190093
1439191731
1439191775
1439192021
1439192731
1439195872
1439194664
1439195538
1439195819
1439195888
1439196368
1439196477
1439199337
1439200358
1439200496
1439200625
1439201168
1439202612
1439203234
1439203581
1439204044
1439205170
1439205171
1439205172
1439205173
1439205174
1439205175
1439205176
1439205177
1439205178
1439205179
1439205187
1439205189
1439205329
1439205576
1439205722
1439205898
1439206700
1439209210
1439209349
1439209468
1439209775
1439210521
1439211601
1439212790
1439213991
1439214849
1439214956
1439215317
1439215811
1439215813
1439216517
1439216522
1439216674
1439216820
1439216852
1439216894
1439218283
1439221045
1439221279
1439221325
1439221530
1439222776
1439223623
1439224362
1439225717
1439226210
1439231194
1439231982
1439233057
1439236559
1439238700
1439239774
1439247314
1439250453
1439250505
1439250620
1439250756
1439250906
1439250944
1439251148
1439251285
1439251390
1439251506
1439251657
1439251801
1439252275
1439252446
1439252569
1439252812
1439252927
1439253031
1439253133
1439253236
1439253383
1439253581
1439254263
1439254951
1439255200
1439255474
1439255654
1439255782
1439255949
1439255954
1439255966
1439256181
1439256386
1439256519
1439256621
1439256670
1439256859
1439257035
1439257384
1439258016
1439258177
1439258373
1439258527
1439258729
1439258742
1439258814
1439258879
1439258992
1439259026
1439259144
1439259355
1439259570
1439260386
1439261077
1439261299
1439261327
1439261571
1439261940
1439262609
1439262755
1439262796
1439263050
1439263360
1439263379
1439263807
1439264855
1439265185
1439265428
1439266646
1439266692
1439267040
1439267057
1439267417
1439267435
1439267466
1439267708
1439267896
1439268105
1439268122
1439268247
1439268461
1439269369
1439269481
1439271961
1439272439
1439272786
1439273144
1439274082
1439274616
1439274733
1439274984
1439275873
1439276944
1439277110
1439281923
1439283045
1439283281
1439283289
1439283475
1439284246
1439285081
1439285695
1439285984
1439286056
1439286332
1439287365
1439287667
1439287992
1439288004
1439288097
1439288357
1439288406
1439288441
1439289307
1439289722
1439290011
1439291798
1439291863
1439292142
1439292390
1439292549
1439292578
1439292602
1439292623
1439292655
1439292675
1439292723
1439292775
1439292815
1439292974
1439292999
1439293058
1439293067
1439293112
1439293141
1439293167
1439293211
1439293255
1439293591
1439294685
1439295030
1439295458
1439295747
1439295775
1439296190
1439296464
1439296491
1439296579
1439296908
1439296991
1439297171
1439297483
1439297502
1439298071
1439298527
1439298685
1439298916
1439299534
1439299980
1439301130
1439301134
1439301341
1439302969
1439303065
1439303192
1439304005
1439304776
1439304798
1439304803
1439304926
1439305500
1439305596
1439306276
1439307364
1439308248
1439308385
1439308483
1439308684
1439309087
1439309660
1439310225
1439313443
1439313841
1439314159
1439315386
1439315599
1439315957
1439316197
1439318480
1439322040
1439325419
1439326301
1439332505
1439332862
1439333209
1439333995
1439335444
1439336472
1439336793
1439338370
1439338634
1439339790
1439340748
1439340987
1439341090
1439341342
1439341585
1439341714
1439342920
1439343266
1439343559
1439343998
1439344188
1439344981
1439345153
1439345502
1439345663
1439346250
1439346336
1439346356
1439346687
1439346753
1439348179
1439348738
1439349347
1439349365
1439349967
1439350383
1439351112
1439351183
1439351197
1439351713
1439352489
1439352887
1439353054
1439353158
1439354059
1439354267
1439354387
1439354663
1439354753
1439355143
1439356729
1439356907
1439357420
1439358948
1439359045
1439360328
1439361088
1439361347
1439361452
1439361573
1439361890
1439362105
1439362506
1439363018
1439363192
1439363490
1439363499
1439363971
1439363977
1439364379
1439364714
1439365075
1439365215
1439366109
1439366218
1439366471
1439366501
1439367297
1439367539
1439369111
1439369323
1439369738
1439370052
1439370095
1439371760
1439372196
1439372238
1439374350
1439375183
1439375243
1439376193
1439376195
1439376248
1439376289
1439377020
1439377726
1439377923
1439378953
1439378961
1439379283
1439381234
1439381327
1439381689
1439382451
1439384394
1439385464
1439385978
1439386538
1439387598
1439388039
1439390993
1439391040
1439391365
1439391473
1439391505
1439391874
1439392618
1439393276
1439393400
1439393580
1439394216
1439395303
1439395656
1439396032
1439396175
1439396432
1439398125
1439398309
1439398666
1439400662
1439401847
1439404295
1439404364
1439404805
1439405203
1439405383
1439418516
1439419212
1439421082
1439423791
1439428604
1439429050
1439430375
1439430420
1439430503
1439431889
1439432159
1439432909
1439433318
1439433345
1439433399
1439433872
1439433910
1439434065
1439434353
1439434382
1439434754
1439434760
1439435108
1439436398
1439436922
1439437071
1439437538
1439437878
1439439095
1439439743
1439439838
1439439984
1439440435
1439440437
1439440721
1439440846
1439441047
1439441269
1439441633
1439442261
1439443091
1439443608
1439443791
1439445789
1439446668
1439447039
1439447978
1439450295
1439450749
1439453277
1439453619
1439453902
1439454745
1439455636
1439456030
1439456572
1439456920
1439457043
1439457590
1439457786
1439457887
1439459798
1439460660
1439460690
1439461274
1439461478
1439461607
1439461684
1439461830
1439462336
1439462845
1439463111
1439463406
1439463477
1439463610
1439463645
1439463677
1439463790
1439463798
1439464195
1439464219
1439464267
1439464358
1439464654
1439465422
1439465473
1439465780
1439465902
1439465959
1439466112
1439466441
1439466942
1439467163
1439467183
1439467244
1439467493
1439467578
1439467636
1439467653
1439467660
1439467666
1439468181
1439468216
1439468621
1439468742
1439468973
1439469187
1439469391
1439469537
1439469799
1439470028
1439470406
1439470953
1439472081
1439472084
1439472134
1439472208
1439472490
1439473804
1439476334
1439476977
1439477033
1439477523
1439477599
1439478328
1439479269
1439479443
1439479948
1439480306
1439481465
1439482132
1439484677
1439485284
1439485338
1439485439
1439485529
1439486905
1439487305
1439487884
1439487950
1439488140
1439488215
1439488252
1439488588
1439488771
1439489397
1439490873
1439494116
1439495726
1439496073
1439498605
1439500022
1439502899
1439504721
1439507242
1439508542
1439508701
1439509739
1439511556
1439512243
1439512546
1439513551
1439513699
1439513761
1439513840
1439514004
1439514147
1439514442
1439515058
1439515747
1439517062
1439517709
1439517760
1439518884
1439519431
1439520653
1439521581
1439521781
1439521915
1439522001
1439522997
1439523025
1439523072
1439523551
1439524349
1439524559
1439524925
1439524959
1439525894
1439526784
1439526795
1439527305
1439527511
1439527606
1439527801
1439527941
1439527941
1439528452
1439528768
1439529423
1439530291
1439530750
1439530852
1439531007
1439531472
1439531634
1439531739
1439531975
1439532113
1439532339
1439532694
1439532742
1439533348
1439534243
1439534309
1439534342
1439534475
1439535092
1439535631
1439535824
1439536039
1439536335
1439536623
1439536628
1439537016
1439537173
1439537211
1439537235
1439537910
1439538097
1439538264
1439538280
1439538455
1439539512
1439539708
1439540123
1439540881
1439541115
1439541155
1439541246
1439541901
1439542337
1439542431
1439542562
1439543325
1439543532
1439543739
1439544040
1439544460
1439544838
1439545052
1439545070
1439546117
1439547160
1439548177
1439548721
1439549550
1439550665
1439551228
1439551292
1439551758
1439552215
1439553466
1439561159
1439565501
1439565519
1439567706
1439568142
1439568878
1439569025
1439569099
1439569167
1439569203
1439570385
1439570819
1439571469
1439574313
1439575098
1439576141
1439576674
1439580313
1439581065
1439581838
1439583289
1439593853
1439594267
1439596290
1439598446
1439598895
1439598921
1439601945
1439601999
1439602318
1439602959
1439603521
1439603835
1439605199
1439606184
1439606197
1439606885
1439607172
1439607551
1439607564
1439607884
1439608004
1439608107
1439609054
1439609501
1439609600
1439611201
1439612942
1439612968
1439613129
1439613766
1439614349
1439615242
1439616270
1439616277
1439616543
1439617481
1439618880
1439619505
1439620049
1439620114
1439620604
1439621899
1439625108
1439627593
1439628292
1439628558
1439628940
1439631603
1439632077
1439632960
1439633047
1439634148
1439634239
1439634523
1439634589
1439634779
1439635328
1439635787
1439635858
1439636351
1439636664
1439637930
1439638684
1439638794
1439639456
1439639759
1439640514
1439640710
1439641023
1439641560
1439642857
1439643306
1439643447
1439643541
1439643730
1439644832
1439645188
1439645270
1439645924
1439646097
1439646376
1439646742
1439647266
1439647630
1439648296
1439648682
1439649451
1439650001
1439650484
1439651213
1439651750
1439652370
1439655057
1439655131
1439655184
1439658249
1439658387
1439658825
1439658838
1439658839
1439659381
1439659586
1439661008
1439661150
1439661262
1439661590
1439663083
1439663183
1439666947
1439667016
1439670389
1439670713
1439676345
1439677054
1439677551
1439678492
1439679763
1439682859
1439683268
1439683420
1439686281
1439687561
1439687945
1439688297
1439689307
1439690408
1439692608
1439693073
1439696135
1439696627
1439698130
1439699622
1439700220
1439701230
1439702582
1439702591
1439703378
1439704066
1439706130
1439707070
1439708656
1439708880
1439708912
1439708951
1439709789
1439709975
1439711888
1439713439
1439713923
1439715306
1439715659
1439718007
1439718527
1439719013
1439719317
1439720056
1439720338
1439720435
1439720492
1439720625
1439722833
1439723096
1439723861
1439724483
1439724891
1439725274
1439725754
1439726794
1439727880
1439734494
1439735048
1439737228
1439737519
1439738609
1439740136
1439741928
1439742148
1439745777
1439745943
1439746071
1439746089
1439746755
1439748089
1439748982
1439749065
1439749469
1439754067
1439756598
1439756747
1439757708
1439758211
1439767624
1439768822
1439769578
1439772914
1439774671
1439775005
1439775428
1439775596
1439776529
1439777466
1439778706
1439779755
1439779962
1439781609
1439781972
1439782153
1439784187
1439784707
1439786220
1439786290
1439786747
1439788672
1439789382
1439790328
1439791717
1439791871
1439794534
1439794869
1439796962
1439798696
1439799330
1439800048
1439800599
1439800985
1439801285
1439802442
1439804118
1439806040
1439806249
1439806557
1439806999
1439807518
1439808552
1439808822
1439808925
1439809199
1439809417
1439809426
1439810124
1439810294
1439810736
1439813610
1439815150
1439816041
1439816444
1439817253
1439818447
1439818794
1439818808
1439819346
1439821944
1439822819
1439822931
1439823178
1439823311
1439823851
1439824575
1439827102
1439827277
1439827326
1439827469
1439827863
1439827934
1439827962
1439828308
1439829359
1439829985
1439830633
1439831222
1439831554
1439832429
1439832598
1439834424
1439838549
1439843809
1439844424
1439848513
1439851007
1439855819
1439856151
1439856654
1439857742
1439858047
1439858492
1439859456
1439860532
1439861548
1439862014
1439862650
1439863397
1439863589
1439865285
1439865297
1439865374
1439865943
1439866584
1439867233
1439867876
1439867986
1439868072
1439868268
1439868893
1439869448
1439869963
1439870451
1439871008
1439871331
1439871604
1439871627
1439871724
1439872236
1439872369
1439872528
1439872706
1439873417
1439873468
1439873829
1439873834
1439874302
1439874896
1439875877
1439876187
1439876327
1439876646
1439877066
1439877107
1439877991
1439878234
1439878272
1439878662
1439878890
1439879047
1439879353
1439879494
1439879507
1439879510
1439879933
1439880041
1439880191
1439880237
1439880330
1439880332
1439880425
1439880545
1439881084
1439881191
1439881662
1439881691
1439882038
1439882087
1439882515
1439882636
1439882703
1439882951
1439883179
1439883511
1439885120
1439885706
1439885737
1439887004
1439887643
1439887893
1439888385
1439888737
1439889517
1439889670
1439889987
1439890777
1439890912
1439891346
1439891607
1439892842
1439893309
1439895203
1439895396
1439896207
1439896394
1439896705
1439896774
1439899122
1439899400
1439899533
1439899715
1439899738
1439899741
1439899770
1439900111
1439900151
1439900158
1439900216
1439900257
1439900278
1439900301
1439900564
1439900701
1439900824
1439900874
1439901259
1439901321
1439901326
1439901550
1439901698
1439901753
1439901913
1439902008
1439902536
1439902544
1439902548
1439902748
1439902854
1439902972
1439903297
1439903436
1439903744
1439903746
1439903750
1439903809
1439903811
1439903901
1439903973
1439904187
1439904269
1439904435
1439904446
1439904507
1439904529
1439904606
1439904718
1439904721
1439904738
1439904826
1439905113
1439905367
1439905412
1439905505
1439905877
1439905982
1439906090
1439906305
1439906449
1439906547
1439906558
1439906721
1439908391
1439908476
1439908880
1439909165
1439909238
1439909321
1439909472
1439909817
1439911076
1439911187
1439911247
1439911290
1439911320
1439911392
1439911649
1439911651
1439911652
1439911654
1439911657
1439911658
1439911660
1439911661
1439911667
1439911825
1439912077
1439912089
1439912322
1439912510
1439912939
1439915483
1439915540
1439916014
1439916763
1439921761
1439924330
1439924534
1439924664
1439924826
1439925333
1439936703
1439939028
1439940388
1439942106
1439942275
1439942806
1439943536
1439943765
1439944119
1439944567
1439945657
1439945795
1439946250
1439946270
1439947763
1439948230
1439948353
1439948631
1439948702
1439948769
1439948927
1439948943
1439949136
1439949505
1439949513
1439949593
1439949683
1439950042
1439950203
1439951075
1439952175
1439952368
1439952382
1439952458
1439952871
1439953333
1439953925
1439955035
1439955727
1439956100
1439956149
1439956329
1439956336
1439956526
1439956687
1439956858
1439957497
1439958130
1439958355
1439958509
1439958542
1439958622
1439958722
1439958791
1439959166
1439959213
1439959300
1439959342
1439959834
1439960089
1439960142
1439960185
1439960256
1439960648
1439960866
1439960982
1439961060
1439961413
1439963091
1439963353
1439964739
1439965042
1439965365
1439965588
1439965999
1439966198
1439966963
1439967380
1439967442
1439968061
1439968066
1439968286
1439968509
1439969221
1439969757
1439970399
1439970519
1439970814
1439970836
1439971495
1439971540
1439971792
1439971994
1439972058
1439972250
1439972459
1439972834
1439973664
1439975042
1439975665
1439975906
1439975996
1439976099
1439976218
1439976663
1439977355
1439977418
1439978029
1439978362
1439979675
1439979817
1439980288
1439980470
1439981352
1439984166
1439984346
1439986613
1439987350
1439987581
1439987609
1439987853
1439989388
1439989792
1439991119
1439991729
1439992195
1439992495
1439992756
1439993009
1439993040
1439993541
1439994150
1439994297
1439994332
1439994393
1439994494
1439995045
1439995709
1439995785
1439995923
1439998140
1439998385
1439998443
1439998732
1439998833
1439999516
1439999620
1439999814
1439999848
1440000315
1440000495
1440000771
1440001021
1440001347
1440001404
1440002396
1440002882
1440003094
1440003962
1440004217
1440004217
1440004256
1440004603
1440007926
1440008452
1440009143
1440010169
1440011085
1440012092
1440015610
1440015758
1440016107
1440018698
1440018858
1440019628
1440020705
1440022486
1440023634
1440024650
1440025863
1440026698
1440027177
1440027240
1440028620
1440028962
1440029007
1440029251
1440030254
1440031410
1440031857
1440032562
1440033100
1440035632
1440040642
1440041899
1440041997
1440042717
1440042888
1440043391
1440045459
1440046518
1440047293
1440047934
1440051698
1440052056
1440052842
1440054531
1440055506
1440056172
1440057938
1440059116
1440059157
1440059480
1440059650
1440060559
1440061061
1440062357
1440062509
1440062767
1440063390
1440064917
1440065612
1440066408
1440067423
1440069438
1440069508
1440069517
1440069527
1440070035
1440071067
1440071811
1440072362
1440072568
1440073236
1440074568
1440074983
1440075167
1440075968
1440076283
1440076584
1440077697
1440081635
1440082172
1440082375
1440082610
1440082681
1440083091
1440083231
1440083589
1440084400
1440086174
1440086230
1440086861
1440087013
1440087993
1440088047
1440088073
1440090833
1440091412
1440094313
1440095345
1440097564
1440103610
1440105316
1440105711
1440108611
1440109540
1440110692
1440112637
1440114626
1440115960
1440116093
1440116441
1440117230
1440117421
1440117529
1440118305
1440118898
1440119164
1440119517
1440119651
1440119805
1440120906
1440121211
1440121284
1440121723
1440122311
1440122370
1440122887
1440123179
1440123553
1440123714
1440124832
1440125277
1440125763
1440125994
1440127448
1440127615
1440128593
1440128825
1440129000
1440129907
1440130521
1440131207
1440132181
1440132295
1440133262
1440134551
1440134646
1440134768
1440134894
1440134936
1440135012
1440135025
1440135136
1440135224
1440135316
1440135490
1440135914
1440135973
1440136018
1440136156
1440136293
1440136427
1440136565
1440136672
1440136849
1440137827
1440138409
1440138445
1440138563
1440138564
1440139482
1440140033
1440141410
1440141800
1440143647
1440145216
1440146243
1440147083
1440147895
1440148233
1440149938
1440153038
1440154926
1440155097
1440156181
1440156761
1440157361
1440158181
1440159010
1440159209
1440159240
1440161166
1440161625
1440161633
1440162166
1440162258
1440162266
1440162909
1440162953
1440163033
1440163510
1440163720
1440164717
1440165061
1440165783
1440167154
1440168371
1440169767
1440169971
1440170017
1440171723
1440173217
1440174077
1440174081
1440175692
1440176505
1440177177
1440177223
1440178514
1440178544
1440191999
1440206023
1440206147
1440206284
1440206737
1440206769
1440208256
1440208799
1440209773
1440210215
1440210418
1440210788
1440211111
1440211291
1440212083
1440212267
1440212528
1440212590
1440212702
1440213115
1440213174
1440213224
1440216096
1440216260
1440217467
1440223002
1440223291
1440226153
1440226297
1440226360
1440226465
1440226981
1440227569
1440227595
1440228245
1440228456
1440229595
1440229826
1440230173
1440231083
1440231757
1440234319
1440234546
1440234641
1440236805
1440237127
1440239496
1440242727
1440243033
1440243513
1440243580
1440243754
1440245078
1440245864
1440246189
1440246297
1440246666
1440246881
1440248048
1440249042
1440249107
1440249315
1440249370
1440251487
1440251874
1440253137
1440253444
1440253478
1440253530
1440253670
1440254007
1440254077
1440254164
1440254226
1440254414
1440254448
1440255350
1440255621
1440256213
1440258511
1440259301
1440260209
1440260261
1440261554
1440261562
1440262394
1440262716
1440263253
1440263698
1440264632
1440265048
1440265126
1440265964
1440267108
1440269008
1440270056
1440271211
1440274919
1440280734
1440284422
1440288583
1440289033
1440290218
1440290488
1440290889
1440291299
1440291807
1440291841
1440293255
1440296704
1440296796
1440296913
1440298944
1440300167
1440300220
1440301998
1440302264
1440305165
1440306718
1440306861
1440307025
1440307311
1440307985
1440308010
1440310359
1440310390
1440310962
1440311002
1440312116
1440314987
1440315776
1440317428
1440319396
1440319800
1440319934
1440320076
1440324982
1440325935
1440326985
1440327726
1440327997
1440329511
1440330584
1440330870
1440331111
1440331694
1440333699
1440333970
1440334141
1440334589
1440335545
1440336049
1440336596
1440336943
1440338022
1440338081
1440339168
1440339519
1440339728
1440340298
1440340649
1440341327
1440343499
1440343750
1440345065
1440345376
1440345804
1440345923
1440346736
1440348682
1440348739
1440349661
1440351268
1440353478
1440353699
1440353849
1440356005
1440360265
1440362288
1440366222
1440366404
1440366948
1440368404
1440370922
1440372109
1440373155
1440373560
1440374361
1440375916
1440379158
1440379291
1440379551
1440381963
1440382563
1440383801
1440384324
1440384770
1440384961
1440385169
1440386477
1440387576
1440388121
1440389510
1440390043
1440390792
1440391344
1440392330
1440394230
1440394371
1440395067
1440395615
1440396461
1440396726
1440397441
1440398234
1440398253
1440398294
1440398399
1440398899
1440399456
1440405035
1440407540
1440408288
1440408385
1440408846
1440410312
1440410434
1440411139
1440411446
1440411694
1440412181
1440412737
1440412806
1440412957
1440413238
1440413502
1440413689
1440414200
1440414440
1440414653
1440414739
1440415352
1440416020
1440416729
1440417443
1440417503
1440417528
1440417827
1440417870
1440418066
1440418151
1440418230
1440418445
1440418466
1440419437
1440419654
1440419679
1440420794
1440422096
1440422274
1440422401
1440422848
1440423617
1440423894
1440424978
1440425366
1440425711
1440427195
1440428190
1440428280
1440429003
1440429959
1440430697
1440431593
1440431836
1440431895
1440432307
1440434295
1440436046
1440438791
1440440918
1440444738
1440447857
1440448364
1440452618
1440455672
1440456701
1440457334
1440458044
1440458349
1440458702
1440460015
1440460708
1440461184
1440461316
1440463100
1440463371
1440464239
1440464564
1440466835
1440467505
1440469400
1440470845
1440471705
1440473072
1440473463
1440474832
1440474913
1440475071
1440476116
1440476643
1440477073
1440477245
1440478027
1440478376
1440478686
1440479840
1440479968
1440481112
1440482277
1440483491
1440483600
1440483889
1440485883
1440488944
1440489012
1440489211
1440489520
1440489702
1440490096
1440491360
1440492789
1440494086
1440494663
1440495292
1440495522
1440495826
1440496121
1440496625
1440496913
1440497266
1440498025
1440499986
1440500616
1440502288
1440502660
1440503723
1440503909
1440504062
1440504674
1440505490
1440506985
1440508911
1440509339
1440509860
1440512658
1440513420
1440513438
1440513622
1440513840
1440514527
1440515094
1440517347
1440517812
1440517907
1440518269
1440518299
1440519523
1440519527
1440520085
1440520645
1440521410
1440521640
1440521779
1440522398
1440522643
1440523584
1440523745
1440523833
1440524994
1440525570
1440526012
1440526246
1440526844
1440528351
1440533846
1440546138
1440547378
1440547382
1440549199
1440550555
1440550727
1440551427
1440551923
1440552224
1440552252
1440552792
1440553134
1440553182
1440553182
1440553844
1440553870
1440553945
1440554527
1440554922
1440555021
1440556050
1440557293
1440557497
1440558115
1440558218
1440558418
1440558540
1440558580
1440559043
1440559566
1440559794
1440560531
1440561095
1440562042
1440562545
1440562864
1440563278
1440563687
1440563812
1440564396
1440564579
1440564721
1440565085
1440565409
1440565445
1440565698
1440566037
1440566565
1440566732
1440567586
1440568071
1440568102
1440568166
1440568354
1440569139
1440569564
1440569906
1440572470
1440573036
1440573253
1440576506
1440579178
1440579808
1440579871
1440580009
1440580450
1440580724
1440581036
1440581210
1440581519
1440581862
1440581931
1440582112
1440582424
1440582893
1440582994
1440583021
1440583459
1440583551
1440584033
1440584044
1440584092
1440584150
1440584186
1440584214
1440584263
1440584295
1440584432
1440584452
1440586086
1440586305
1440586972
1440587893
1440588272
1440588866
1440589112
1440591144
1440591590
1440591839
1440592100
1440592250
1440592266
1440593231
1440593669
1440594202
1440594705
1440594952
1440595582
1440596337
1440596354
1440596667
1440597417
1440597631
1440600295
1440601349
1440601774
1440601812
1440602809
1440603833
1440604685
1440608440
1440608523
1440609524
1440612439
1440613486
1440617746
1440619053
1440620783
1440623285
1440626791
1440628995
1440630825
1440631314
1440634703
1440636278
1440638821
1440639059
1440639745
1440640207
1440641625
1440641685
1440642653
1440642762
1440642904
1440643686
1440644729
1440645455
1440647385
1440648355
1440648717
1440649001
1440649101
1440649702
1440649805
1440649959
1440650213
1440651031
1440651307
1440651632
1440651931
1440652016
1440653281
1440653596
1440653618
1440653817
1440654517
1440654819
1440655572
1440656046
1440656432
1440656483
1440656711
1440657266
1440657292
1440657991
1440658110
1440658244
1440658858
1440660547
1440660791
1440660855
1440661552
1440661593
1440661706
1440662164
1440663297
1440664543
1440665261
1440665385
1440665559
1440666113
1440667644
1440667845
1440668004
1440668218
1440668486
1440669157
1440671125
1440671684
1440673184
1440673637
1440674270
1440674703
1440674814
1440676145
1440676657
1440677131
1440677236
1440677295
1440677325
1440679435
1440679889
1440680148
1440681021
1440682679
1440683042
1440684019
1440684335
1440684675
1440684839
1440685632
1440686511
1440686619
1440688670
1440691487
1440692768
1440692873
1440693740
1440694496
1440695720
1440696025
1440696350
1440697039
1440703792
1440704188
1440705228
1440712220
1440713208
1440713820
1440717264
1440717992
1440718911
1440718974
1440719306
1440720729
1440721946
1440721946
1440722959
1440726516
1440726877
1440728492
1440728737
1440728749
1440729811
1440730719
1440730719
1440731657
1440731676
1440732062
1440732302
1440732446
1440733913
1440734435
1440734501
1440735335
1440737574
1440739499
1440740492
1440741674
1440741868
1440742315
1440742385
1440743656
1440744178
1440744211
1440744309
1440744657
1440745135
1440745204
1440745775
1440746306
1440747420
1440747775
1440747804
1440748493
1440749647
1440750148
1440751325
1440751420
1440751505
1440751596
1440751910
1440754004
1440754542
1440755678
1440755736
1440756935
1440757099
1440758215
1440760466
1440760568
1440761023
1440761419
1440763129
1440763886
1440767817
1440767927
1440769103
1440772672
1440772848
1440773639
1440774497
1440774595
1440777400
1440777955
1440780627
1440782011
1440783062
1440784696
1440798177
1440799573
1440801244
1440802012
1440804704
1440808049
1440808578
1440809603
1440810505
1440810971
1440811536
1440812589
1440812962
1440813693
1440815629
1440815839
1440820640
1440820794
1440821404
1440821767
1440822044
1440823277
1440823394
1440823406
1440823608
1440823634
1440823877
1440824269
1440825375
1440826296
1440828074
1440828462
1440829376
1440829376
1440829480
1440829911
1440830894
1440831653
1440831691
1440833817
1440836653
1440838056
1440839042
1440840065
1440840315
1440841153
1440841184
1440842319
1440843228
1440848012
1440848379
1440848638
1440848723
1440848820
1440849160
1440850499
1440851004
1440851075
1440851616
1440851954
1440853199
1440854098
1440854780
1440855308
1440855371
1440855776
1440856333
1440856508
1440856829
1440858897
1440859638
1440860261
1440861162
1440861555
1440861665
1440861706
1440863519
1440863695
1440863799
1440864108
1440864750
1440866087
1440866787
1440867025
1440869618
1440869850
1440870344
1440871195
1440872630
1440875239
1440878591
1440883640
1440886579
1440888607
1440888611
1440889620
1440891333
1440891568
1440891990
1440894357
1440896223
1440898877
1440899914
1440901026
1440901034
1440901467
1440902518
1440902576
1440902694
1440903713
1440904262
1440904342
1440905116
1440907821
1440909026
1440910311
1440911160
1440911355
1440912390
1440912571
1440913706
1440914412
1440915882
1440916205
1440916521
1440917447
1440918135
1440918270
1440921065
1440923977
1440925911
1440927776
1440928382
1440930586
1440931652
1440932236
1440932696
1440934173
1440934433
1440936193
1440937987
1440938098
1440938166
1440939227
1440940667
1440940686
1440941570
1440942206
1440942506
1440943818
1440945948
1440945989
1440946015
1440946498
1440947150
1440947734
1440947822
1440948389
1440949110
1440951766
1440952430
1440952433